gBest.size==7
55	24886
53	24941
51	25518
50	25716
49	26538
48	26785
47	26887
gBest.size==5
55	26902
52	26993
51	27288
50	27543
49	27890
gBest.size==11
78	35421
77	35831
76	35897
75	36197
73	36205
71	36236
70	36668
69	36897
68	36927
67	37566
64	38038
gBest.size==7
58	30624
57	30698
56	30872
55	30957
52	31040
51	31665
50	31873
gBest.size==6
55	25496
54	25700
53	25893
52	25921
50	26101
49	28040
gBest.size==6
55	29065
54	29824
53	30259
52	30469
51	30674
50	31481
gBest.size==4
55	27735
54	27968
53	28529
52	28755
gBest.size==5
55	24268
54	24379
50	24518
49	24961
48	25580
gBest.size==6
57	30901
56	31490
55	31517
54	31649
53	32279
52	32893
